% Model:              COMSOL Model.mph
% Version:            COMSOL 5.6.0.280
% Date:               Jul 29 2022, 14:09
% Dimension:          3
% Nodes:              959
% Expressions:        1
% Description:        Electric potential
% Length unit:        mm
% X                       Y                        Z                        V (V)
12.185000000000002        8.685                    -0.101                   4141.782301468228
12.185000000000002        8.685                    -0.097                   4191.594104823377
12.185000000000002        8.685                    -0.093                   4243.625573511169
12.185000000000002        8.685                    -0.08900000000000001     4297.902457840659
12.185000000000002        8.685                    -0.085                   4354.4505081209045
12.193244684464045        8.689343730210963        -0.0979695614829253      4176.225639358108
12.191254054326734        8.693931190728254        -0.10390868444877588     4102.83296439111
12.189129450486144        8.698615720950484        -0.10960102786345213     4035.185533670093
12.184638111678051        8.704384626347634        -0.1103946986118117      4020.832778859578
12.179762586932963        8.70891693646005         -0.11000000000000001     4017.9655330911096
12.175566882802409        8.71311521332137         -0.11000000000000001     4008.9046512452646
12.17216418573163         8.717746564812307        -0.1104295150517419      3992.680525457312
12.17081999874115         8.723310683979944        -0.10950000000000001     3988.6179728196735
12.167972747331778        8.728305063102907        -0.11000000000000001     3967.1884526579324
12.163932700570687        8.73145516440561         -0.10954681801235        3957.8666472455443
12.159527644569117        8.733434042640722        -0.10900000000000001     3950.925419980962
12.15389593407869         8.734443314945343        -0.10850000000000003     3942.658069880301
12.149512213327846        8.738019109115255        -0.10800000000000001     3926.5446201207196
12.145262390863959        8.744506625701856        -0.10705828304939687     3902.2423190659524
12.138165567663357        8.748492435988371        -0.10750000000000001     3862.183537057287
12.131557142653417        8.753085880021972        -0.10800000000000001     3817.1569384042523
12.128451023467141        8.757141399602872        -0.10900000000000001     3779.5204857282374
12.129181088385103        8.760729785149636        -0.10900000000000001     3765.7826719614004
12.129153209055653        8.765432798351139        -0.10850000000000003     3747.885971630888
12.128535150037964        8.77030712242963         -0.10900000000000001     3717.1684283874793
12.125440104969158        8.774877831457497        -0.10900000000000001     3683.0853783300827
12.122161788665743        8.779457096765732        -0.11050000000000001     3635.139150583196
12.116652737481749        8.783437795775956        -0.11100000000000002     3590.0177538895623
12.111224797294291        8.786017517741215        -0.113                   3540.583959492202
12.104717506738362        8.788940709395844        -0.1135                  3495.7628707411195
12.129861165405165        8.77344141657222         -0.10950000000000001     3701.125137802207
12.132177806338891        8.775652559789775        -0.11000000000000001     3692.5580494157675
12.125652564398399        8.758840584248796        -0.10900000000000001     3762.007809627993
12.121107564135782        8.757626694101681        -0.10950000000000001     3745.9135629407
12.11610788940819         8.757856469405963        -0.10950000000000001     3724.9601651662733
12.12761168011354         8.75384304099767         -0.10900000000000001     3790.9086941386595
12.12403828732564         8.750540129741584        -0.10950000000000001     3786.934846618132
12.148780610309267        8.732713433373846        -0.10850000000000003     3936.944743866748
12.143343016221403        8.73054167709511         -0.10850000000000003     3929.788965220749
12.137686689502786        8.729906898060376        -0.10800000000000001     3920.54644412821
12.133428964312554        8.727629918087878        -0.10850000000000003     3908.258033014545
12.131693323502123        8.723361015324693        -0.10800000000000001     3918.671968231273
12.130442179639427        8.718511549145171        -0.10850000000000003     3920.411003309404
12.126867927007012        8.717791059971661        -0.10800000000000001     3914.114375408314
12.125639058587316        8.720210818631765        -0.10850000000000003     3899.068428229854
12.127301643648318        8.715151644983461        -0.10850000000000003     3915.94715278903
12.124660000801086        8.711174079108625        -0.10850000000000003     3913.1113599211367
12.12360047912514         8.706472436066242        -0.10850000000000003     3916.101296247995
12.132191993755425        8.73070097658138         -0.10800000000000001     3900.4750859251817
12.126409404318599        8.731244150245088        -0.10800000000000001     3878.1896922809638
12.120670674034018        8.731090470949272        -0.10800000000000001     3856.1508443834914
12.115856246501775        8.730233187655298        -0.10750664185575806     3843.077089616246
12.11090012082346         8.73034943621444         -0.10750000000000001     3820.354503460313
12.10612865130458         8.730096849276876        -0.10750000000000001     3798.143123839033
12.103160986795132        8.727344469122295        -0.10750000000000001     3790.7321516838892
12.100756711480038        8.724729826555963        -0.10750000000000001     3784.9647378751115
12.103494242484846        8.732377127826688        -0.10745889514843003     3778.7718802474797
12.09974300431193         8.73735602097699         -0.10750000000000001     3744.076937186593
12.117501815845088        8.727519548262526        -0.10850000000000003     3848.0143137731757
12.114327671128715        8.721503588064255        -0.10900000000000001     3844.328888189796
12.109890453333167        8.716631654988985        -0.10850000000000003     3839.268263272078
12.105272240927084        8.712157728625822        -0.10800000000000001     3829.6928141209673
12.16344128515759         8.7370500926548          -0.10850000000000003     3950.3353756425317
12.162260926374918        8.744273595690478        -0.10850000000000003     3922.5873567898034
12.161498683914921        8.752013786730535        -0.10900000000000001     3884.976654931479
12.15807369995702         8.757926186055865        -0.10850000000000003     3858.071006103875
12.153454022325578        8.762812239639594        -0.10850000000000003     3826.2070095034746
12.150213894731884        8.768006615426366        -0.10900000000000001     3788.7353343246455
12.144851570948154        8.77200176782719         -0.10900000000000001     3755.6272225393495
12.14162965097916         8.777298021396609        -0.10950000000000001     3714.6394723024905
12.139395563036272        8.783158654008659        -0.10950000000000001     3676.1136187027787
12.137454366388448        8.789453523166296        -0.11000000000000001     3630.5070716483247
12.135622504216816        8.794047326043167        -0.11000000000000001     3598.345873877444
12.133701548668906        8.79818351948826         -0.11050000000000001     3564.3942027366747
12.129483780375715        8.801477478711236        -0.11050000000000001     3532.5180305972635
12.140008690322363        8.794920180006324        -0.11000000000000001     3604.385167316262
12.143912279122176        8.800921896222599        -0.11000000000000001     3576.4524862031803
12.14543474658182         8.806836953700772        -0.11200000000000002     3527.7755443484857
12.148653467577912        8.812547336961256        -0.113                   3490.6571771926583
12.150415251582084        8.773033318463321        -0.10900000000000001     3762.7580270565695
12.150939209092535        8.779467913798742        -0.10850000000000003     3732.7345013036684
12.152551282094942        8.785138852609448        -0.11000000000000001     3690.227319570243
12.15450553085632         8.790947714621444        -0.10950000000000001     3663.205322152115
12.157404312898043        8.796869632461668        -0.11100000000000002     3619.3814570058516
12.161693142301166        8.757418290801295        -0.10850000000000003     3866.2076219604887
12.165068124437964        8.761846556545057        -0.10850000000000003     3849.8263743358743
12.169110710130036        8.765994689231075        -0.10850000000000003     3833.7163745675803
12.170714933358623        8.72839866882384         -0.10842297702261354     3986.542786804532
12.17572377478649         8.731808111091516        -0.10800000000000001     3984.886994353239
12.179228830051162        8.736401171707035        -0.10850000000000003     3966.4879236741504
12.181730374351567        8.739627151473776        -0.10850000000000003     3956.078393437988
12.18097228939784         8.743052468316355        -0.10815361714265585     3946.9981641718705
12.181106102908155        8.748630671664662        -0.10850000000000003     3921.393766464863
12.182559639734862        8.754453873980266        -0.10900000000000001     3891.6778624991116
12.184914095010503        8.761759037880012        -0.10900000000000001     3857.8823214317804
12.184761671086395        8.769029320352068        -0.10854179432308855     3825.509499728002
12.184640057593374        8.776086136418614        -0.11000000000000001     3773.668843880005
12.189923196665783        8.780797602976932        -0.10950000000000001     3750.6251296631585
12.196933131069663        8.783484503278999        -0.11000000000000001     3726.8655477065645
12.204844155646047        8.784969711224784        -0.10950000000000001     3714.885009730451
12.212995679644445        8.785129964626362        -0.11000000000000001     3698.111075729463
12.220414232483787        8.785395849467047        -0.10950000000000001     3687.0870004491712
12.185018461169708        8.780455868583546        -0.10950000000000001     3753.3955074815076
12.184494515878448        8.783314462908558        -0.10986357572928276     3733.4557432395754
12.185460624596207        8.785870834664482        -0.11050000000000001     3712.659450213905
12.183122662828296        8.781840311245142        -0.10950000000000001     3745.2342711415195
12.180656611223792        8.78151335033436         -0.10950000000000001     3746.6772921376332
12.179005590892501        8.75291547794567         -0.10850000000000003     3902.5735610837614
12.17690593230806         8.757927289577772        -0.10850000000000003     3879.019221834085
12.173119907958197        8.76357551880001         -0.10900000000000001     3844.55702885886
12.168903823830655        8.768316409422626        -0.10813823698264596     3824.968833442234
12.166433142892702        8.774648569253785        -0.10827142716944183     3786.831803487681
12.165805173106294        8.781249073559522        -0.10850000000000003     3746.411172341791
12.176125269786692        8.754083996307674        -0.10800000000000001     3901.1507082375415
12.174356443488564        8.752968996500137        -0.10800000000000001     3904.977917117405
12.174124447010936        8.754017773117258        -0.10800000000000001     3900.18720624408
12.185525565142369        8.741616235721315        -0.10900000000000001     3943.959562916358
12.191847722123157        8.743691448899117        -0.10800000000000001     3945.1829369250386
12.198677710820522        8.745605257221719        -0.10775255776035807     3935.799085946778
12.204284104834318        8.747977560397821        -0.10850000000000003     3912.550957897529
12.184466316097286        8.737362092339694        -0.10850000000000003     3964.3056199794814
12.190607635887032        8.737079383293686        -0.10875256931461934     3961.5716915884045
12.196618129120145        8.735840534581214        -0.10850000000000003     3965.0603600372706
12.201134039729562        8.734314412906295        -0.10900000000000001     3960.6661873860294
12.201499247447224        8.736370055872886        -0.10900000000000001     3953.5666435759545
12.1709716254101          8.713113796771422        -0.11050000000000001     4000.053612571141
12.16513393407013         8.711969385595438        -0.10950000000000001     4006.5151627979276
12.159229972388106        8.7100339269441          -0.10900000000000001     4006.4389090484433
12.15276513943257         8.707147546499176        -0.10900000000000001     3998.584596308
12.145730051088503        8.703994010439157        -0.11000000000000001     3975.677655575215
12.139081778941776        8.700322676049371        -0.10900000000000001     3971.944067444826
12.131207067882738        8.698432866877656        -0.10900000000000001     3948.2056746585627
12.125919900771688        8.698377475946325        -0.10850000000000003     3934.1669674277855
12.123301198984922        8.701798363563533        -0.10950000000000001     3910.373485698478
12.119874511524953        8.704654531545684        -0.10900000000000001     3898.23284330919
12.124885949966693        8.694859028981138        -0.10850000000000003     3932.829066102492
12.116875460526698        8.691929393417801        -0.10850000000000003     3901.333246320358
12.10891288383327         8.69341405341045         -0.10800000000000001     3868.834983637376
12.10169560002406         8.69239198559324         -0.10800000000000001     3832.998648078389
12.093371411825265        8.691634858465406        -0.10700000000000001     3797.1745008239577
12.085929997444152        8.688399191369532        -0.10700000000000001     3754.44178295062
12.155570889405986        8.711425777993858        -0.10900000000000001     3997.468120271234
12.157314779780556        8.714781299557472        -0.10950000000000001     3989.1886253368225
12.18005499982834         8.704614999771119        -0.11050000000000001     4018.6864186371095
12.17583859603632         8.704269422214384        -0.11100000000000002     4011.8591656489216
12.170842308230322        8.707289112877012        -0.11150000000000002     3998.743188052224
12.167105793272567        8.712479934292025        -0.11150000000000002     3986.56730084311
12.165008974685609        8.717362215135193        -0.10950000000000001     3995.9012193431045
12.176749507369628        8.701439785067508        -0.11050000000000001     4021.0210241655955
12.173157523227717        8.698165312943884        -0.11050000000000001     4021.866835983395
12.169619415281549        8.697886703524592        -0.1107764700112316      4016.0317887874667
12.167545661256614        8.700440310875848        -0.11069577389985955     4012.3908406004794
12.170127367387543        8.695022351624           -0.11050000000000001     4021.6133238510715
12.168844718221534        8.691377281116683        -0.11050000000000001     4022.2264798455035
12.170232597137149        8.687315255041337        -0.11050000000000001     4024.79167904076
12.171963757521908        8.682507453506625        -0.11050000000000001     4026.3665313667566
12.172812173988843        8.677614774783198        -0.11100000000000002     4020.083316944771
12.174586647231893        8.672929261270381        -0.11100000000000002     4018.493850114204
12.177436330361667        8.668886054739165        -0.11150000000000002     4011.136292012658
12.178114037068498        8.664457619616126        -0.11100000000000002     4011.7007513391204
12.17776436414092         8.659513842607815        -0.11150000000000002     3998.975162249314
12.177283184931188        8.654742620021766        -0.11200000000000002     3985.046317691644
12.177580821463724        8.650242229208297        -0.1135                  3960.367114463262
12.179008065131562        8.645045195019392        -0.114                   3943.7744401616355
12.183453750429132        8.640702890584278        -0.1135                  3938.569737272982
12.190432987862339        8.636603024978982        -0.114                   3920.80510738292
12.197336995445733        8.634550188283637        -0.11150000000000002     3935.764091990092
12.204727453242539        8.636419998168947        -0.11000000000000001     3949.460124306325
12.212041377608331        8.638342320185245        -0.11000000000000001     3944.176597270284
12.21911787279579         8.638104424602746        -0.10950000000000001     3934.6445875922163
12.227036341380678        8.63695271985305         -0.11050000000000001     3901.5339735199177
12.235076634340475        8.634183810672246        -0.11050000000000001     3869.360233774407
12.242449307484398        8.630181101430036        -0.11050000000000001     3831.5635836067127
12.179300852284264        8.640213913845056        -0.1145                  3926.1424923287336
12.177808603221402        8.635141498571935        -0.114                   3915.5862249192164
12.175721861992269        8.630147131004593        -0.1135                  3903.114560900859
12.175359009457805        8.649702421881065        -0.113                   3963.148276761908
12.170105895600589        8.64571483218936         -0.11250000000000002     3954.892550280383
12.168133533514577        8.639843517484442        -0.113                   3932.2764727215826
12.169341907719861        8.633090566899517        -0.113                   3912.942345476674
12.172752456756898        8.626702333188906        -0.1135                  3888.9124971781894
12.172208780427606        8.619956151350072        -0.114                   3857.7829126745164
12.17350100903262         8.61314081107035         -0.114                   3830.0612659678504
12.174216993311202        8.606052822240674        -0.1145                  3793.5099113746933
12.16405129636262         8.642290515981909        -0.11250000000000002     3939.2072882543375
12.158359359562278        8.638092146481437        -0.11250000000000002     3918.8342698353576
12.153322047184993        8.633328070567682        -0.11250000000000002     3894.864942329329
12.148988850089568        8.628009012473441        -0.11250000000000002     3867.6314321662685
12.147144641870696        8.621786740812968        -0.11200000000000002     3845.1685628520854
12.145048036881112        8.61562395690665         -0.113                   3805.462098466019
12.142147100860635        8.609874440003937        -0.1135                  3768.550826566412
12.144965177948823        8.625737411251475        -0.11200000000000002     3854.880727737321
12.138406774743352        8.62523242071393         -0.11250000000000002     3830.682716164056
12.134310772825934        8.620255237236353        -0.11186154923768302     3805.2589278325054
12.129112613460382        8.615372257662786        -0.11200000000000002     3767.2330090719224
12.181603149684115        8.667626771685216        -0.11100000000000002     4016.6437412451737
12.186184596322008        8.670615478700556        -0.11100000000000002     4019.899289696476
12.190485276611584        8.672792213329238        -0.11150000000000002     4015.244180758265
12.190943821586263        8.677841916476352        -0.11100000000000002     4023.5995564657906
12.193719726766545        8.684770668571357        -0.11100000000000002     4023.9436718644665
12.19750569963321         8.691680032414977        -0.11100000000000002     4019.8778864976957
12.195344682610894        8.6771394300653          -0.11050000000000001     4026.4056309771076
12.200960331665195        8.681984450161737        -0.11050000000000001     4023.3396018321278
12.206354093479455        8.688113531257192        -0.11050000000000001     4016.7779224239775
12.213152593577334        8.692972924572263        -0.11050000000000001     4004.145812515841
12.170737440349313        8.674077730674064        -0.11100000000000002     4016.249627466226
12.165753956855681        8.671937509221724        -0.11150000000000002     4003.814000827662
12.161847521718876        8.668202958323619        -0.11100000000000002     4000.260239386877
12.156369679514812        8.665865566647653        -0.11050000000000001     3993.7272268937395
12.15014330248044         8.662869320503896        -0.11050000000000001     3977.033955256123
12.14608536483679         8.658016627351696        -0.10950000000000001     3970.4590047373413
12.140872541593126        8.65234978109971         -0.10950000000000001     3945.79275413578
12.13659220527678         8.648934412304424        -0.11000000000000001     3920.5146341702166
12.133004501309918        8.647147036112777        -0.10950000000000001     3909.95454719066
12.130032404313878        8.644160466113217        -0.10950000000000001     3892.4232274421256
12.127756749098856        8.640045518970151        -0.10851993635681481     3882.9751453034805
12.124889618731919        8.63584361025213         -0.10900000000000001     3855.1878087789537
12.127057780981048        8.64837628274222         -0.10900000000000001     3897.111186870251
12.11942392681941         8.646700110167881        -0.10900000000000001     3863.234576781655
12.111238998438258        8.647439070014949        -0.10900000000000001     3828.8609083557008
12.10350114099955         8.647894085439857        -0.10800000000000001     3801.6522499208036
12.095620480504506        8.645856153670048        -0.10750000000000001     3759.805341564735
12.141430924312019        8.648147641692134        -0.11000000000000001     3932.962281630745
12.143739751947171        8.643355598120134        -0.10973250704998992     3930.147299007517
12.143675559847635        8.637409137742894        -0.11150000000000002     3895.367801893717
12.142376041551746        8.631669458645305        -0.11100000000000002     3878.834797153702
12.160629024872666        8.663725065644769        -0.11100000000000002     3992.997311116087
12.161095490488119        8.660504783660917        -0.1107183002964923      3992.074036152585
12.160750930940896        8.657430262551655        -0.11100000000000002     3983.4847992414166
12.16288194420104         8.661939027537086        -0.11050000000000001     3999.2426111494665
12.165776550676991        8.689157133026075        -0.11050000000000001     4019.465282285607
12.160228295011992        8.687832073609947        -0.11000000000000001     4017.297369556229
12.155203923168186        8.685300322474383        -0.10900000000000001     4019.5639032979975
12.150318747691529        8.681661726845997        -0.10950000000000001     4003.459553978118
12.144391786880396        8.677426244691727        -0.10950000000000001     3987.481736339362
12.139332903431693        8.673318065034282        -0.11050000000000001     3960.2430791109214
12.149399096264725        8.686050180788616        -0.10900000000000001     4007.098801219529
12.142347957325775        8.687822985871778        -0.10900000000000001     3988.8080796622685
12.135562682707823        8.685083048675654        -0.10900000000000001     3968.738970127857
12.129545026565854        8.683318032857743        -0.1081338815117213      3957.371626321791
12.122501779868147        8.6827998630732          -0.10850000000000003     3926.548129475801
12.198075095840556        8.703592670541973        -0.10850000000000003     4036.9989805040946
12.201669595730836        8.707001449612914        -0.10900000000000001     4023.4079784553824
12.204896210813857        8.710857626341157        -0.10900000000000001     4013.5140655485957
12.204748475330762        8.7152579575657          -0.10950000000000001     4000.224810579398
12.200858173990563        8.72013306280527         -0.10900000000000001     3999.8513447313585
12.197404594855932        8.725117804429884        -0.10900000000000001     3990.848242170143
12.208539070389426        8.713638309314398        -0.10900000000000001     4003.416128492965
12.209842284596572        8.717816439002211        -0.10950000000000001     3987.618860800166
12.208466955218295        8.722639917484297        -0.11018724032333511     3971.4904120050437
12.20802760731242         8.72764723353893         -0.11050000000000001     3955.950962886984
12.208097187674973        8.731626283789764        -0.11000000000000001     3949.675701132496
12.208934920709623        8.734555638791479        -0.11000000000000001     3939.351591810863
12.205990112477625        8.731457485048832        -0.10950000000000001     3958.425172430055
12.201711176196254        8.732044146290312        -0.10950000000000001     3961.849373873299
12.212797778967241        8.715657111929936        -0.10900000000000001     3992.413731911483
12.217540569237359        8.717086891934324        -0.10950000000000001     3974.8644655435237
12.222035533816333        8.71871752583202         -0.1105                  3950.7857198071183
12.223544755524617        8.723226574126999        -0.11050000000000001     3936.752688331202
12.223278060389127        8.730046120586362        -0.11050000000000001     3919.303676441749
12.22374682310274         8.737035669979772        -0.11050000000000001     3896.53407564758
12.222810910872258        8.743730122135968        -0.11083080077038392     3871.9155494697725
12.225785424454791        8.748878927579634        -0.11100000000000002     3843.0193738228845
12.230789260227247        8.752802012351056        -0.11137919005114244     3809.8682881971044
12.234061793456577        8.757427451524674        -0.11145896497960764     3779.724175844767
12.222221823815497        8.748216351106807        -0.11189543923887985     3845.6861501498406
12.22145780097785         8.751395716952015        -0.11150000000000002     3838.352372346833
12.218101998446608        8.754691791477573        -0.1104789442432117      3841.415453659879
12.214933119921366        8.760607523384035        -0.11000000000000001     3825.3500793425496
12.212121956610511        8.766298298855226        -0.11000000000000001     3802.618873389861
12.21099673800859         8.770111121550817        -0.11050000000000001     3780.35342666979
12.209179805067729        8.771876797776017        -0.11050000000000001     3773.894928429148
12.214810563608374        8.771973797232718        -0.11000000000000001     3768.609376225329
12.216492553333518        8.778538140544786        -0.10928620337870933     3736.069217191509
12.216060000419617        8.78515293491671         -0.10850000000000003     3705.517639304817
12.2140443571752          8.790739049020367        -0.10950000000000001     3667.1379606037794
12.213928931660744        8.797676259511453        -0.10950000000000001     3624.565563455112
12.22089891763437         8.755547242196144        -0.11050000000000001     3831.417071994546
12.222521892461245        8.761690774762535        -0.11050000000000001     3799.6240143138975
12.225343339187862        8.766666343036958        -0.10950000000000001     3777.932752683475
12.226704938449823        8.772492915135622        -0.10900000000000001     3749.122806392717
12.227901923866433        8.7199850723469          -0.11050000000000001     3933.0341087515962
12.234367087962173        8.720843076291779        -0.11150000000000002     3902.006425021228
12.23791633111244         8.721370939198637        -0.11100000000000002     3894.3615915311184
12.237764221913297        8.723914008049332        -0.11100000000000002     3888.7676214812122
12.239969677824565        8.72567888243871         -0.11200000000000002     3867.0308167979115
12.244414709468588        8.727984774672514        -0.11183440923248997     3846.7606282153347
12.248781370240584        8.729329936640271        -0.11095846782411464     3834.812819011181
12.238086383938859        8.727402270770156        -0.11150000000000002     3873.7558261156855
12.239727212745658        8.731997161966447        -0.11250000000000002     3845.7085909064
12.239945625049586        8.736117207133548        -0.11100000000000002     3846.8202397696286
12.241801888216047        8.740897206017815        -0.11100000000000002     3824.35969112241
12.244795098270707        8.746788857015654        -0.11097651179164508     3792.3917863607667
12.249067932451146        8.751149888944575        -0.11050000000000001     3763.667483076308
12.237769494562125        8.742170133225144        -0.11150000000000002     3828.787709560581
12.239210403844064        8.749401789715384        -0.11100000000000002     3801.463719657202
12.242747028665233        8.755390054847016        -0.11050000000000001     3769.2666401445704
12.247803006298035        8.760786652863759        -0.11000000000000001     3731.7478884162406
12.2504061687836          8.76768925304835         -0.11050000000000001     3685.5950862320087
12.239253455178144        8.720027051574714        -0.11100000000000002     3892.9072683121385
12.242061310018391        8.718929804916531        -0.11107729994982907     3884.71711296875
12.244039022241457        8.715897106945814        -0.1135                  3859.9511634899154
12.24753581586717         8.709935103432583        -0.114                   3852.3657229765586
12.250530454005945        8.703474805393881        -0.114                   3849.276485841371
12.251777279598269        8.69689535576396         -0.1135                  3855.2443712788145
12.254025328338704        8.691254183693154        -0.1135                  3849.051640213088
12.25554347393127         8.699252352883235        -0.114                   3832.5966026444976
12.261017104052922        8.695614537036345        -0.114                   3810.9157603607073
12.267635405844421        8.69460560570772         -0.11406614347177857     3779.220014474385
12.270963318960973        8.689283706360044        -0.114                   3765.2647995529715
12.277299199778017        8.68652693234345         -0.1135                  3736.659542829445
12.244650614973567        8.718636223288549        -0.11200000000000002     3866.743762048901
12.247299005147829        8.719073206621273        -0.11200000000000002     3855.702224494672
12.207299603084481        8.68275743854535         -0.10792825691369289     4044.006262971943
12.20913600301213         8.682034735924406        -0.10900000000000001     4029.1975126497337
12.210387016095156        8.68075785538455         -0.11000000000000001     4015.950187275677
12.210835936426896        8.678172130186006        -0.11000000000000001     4014.314849768797
12.209532021809729        8.675182022005284        -0.11000000000000001     4014.851580271333
12.212623970506641        8.676038320653381        -0.1105                  4004.7712478371404
12.21520777756705         8.67820400196515         -0.11050000000000001     4001.0555360256726
12.216386208121211        8.673945867927788        -0.10951467081254507     4006.981141746048
12.219590056198985        8.668888917369152        -0.10950000000000001     3995.9436645999194
12.213689465114644        8.682889553688359        -0.10950000000000001     4016.0513531926304
12.220710764347517        8.683995206700464        -0.10900000000000001     4006.9933989846513
12.226043339798572        8.682332476799358        -0.10900000000000001     3993.5722874092453
12.229665639857457        8.67680611731364         -0.11000000000000001     3971.005740952027
12.232148271893331        8.671483681446           -0.11050000000000001     3954.805952369452
12.236794564580606        8.665994248707024        -0.11100000000000002     3929.359413949526
12.242022122138211        8.660728448300643        -0.11100000000000002     3904.1689413634326
12.246208038496679        8.654278332176439        -0.11100000000000002     3877.411789589127
12.225390620790328        8.685981918701511        -0.10900000000000001     3995.4461893851385
12.228258602094268        8.687279049780201        -0.10950000000000001     3982.169331880978
12.231032411345582        8.686374179815662        -0.10985164027331062     3970.566627227837
12.234036390786551        8.684673334605973        -0.11050000000000001     3954.6591871388914
12.236794680220905        8.687893699163386        -0.11111271651405649     3939.111390319418
12.242081137483726        8.693490458216647        -0.113                   3899.732396876483
12.248894162154157        8.697194072069882        -0.1135                  3866.691319053648
12.25420838760653         8.70405888445717         -0.1135                  3838.0885348076627
12.260403453534524        8.709497924895624        -0.11250000000000002     3812.5699188826447
12.267367157194098        8.71426955828142         -0.11200000000000002     3775.694392023778
12.23787465465792         8.681250075584977        -0.11100000000000002     3936.5768047521124
12.240258698168999        8.675955162229748        -0.11050000000000001     3931.414736956699
12.246631107326806        8.674263768196962        -0.11050000000000001     3906.681042096292
12.250130154703585        8.670712343992296        -0.11250000000000002     3870.0962396259824
12.231089346683513        8.690607528856441        -0.11000000000000001     3967.829192734017
12.236368520933087        8.69482465614657         -0.11050000000000001     3943.9599766904435
12.241766508001772        8.698116700558321        -0.11200000000000002     3907.671487598681
12.24686493685754         8.702514511797876        -0.113                   3874.519157446546
12.25017793723799         8.708381905874866        -0.113                   3853.882869389426
12.183358549459662        8.6850004196167          -0.08315475588710851     4381.18784708407
12.178850068572142        8.6850004196167          -0.08103779603478128     4411.2598312492855
12.17404157757589         8.6850004196167          -0.07967344679469107     4428.808012287143
12.169157605755784        8.6850004196167          -0.07860448718410198     4440.346031920653
12.164239909210712        8.6850004196167          -0.07770190827530041     4447.698048223852
12.159302979740005        8.6850004196167          -0.07691075981041492     4451.43390198464
12.154353600622402        8.6850004196167          -0.07620141037451204     4452.051252236131
12.149395476865852        8.6850004196167          -0.0755558772688293      4449.707458508147
12.144430884987084        8.6850004196167          -0.07496205213298206     4444.4749924457865
12.139461320546499        8.6850004196167          -0.07441134017694202     4436.381630031544
12.134487810589249        8.6850004196167          -0.07389743951927719     4425.486247466239
12.129511095255118        8.6850004196167          -0.0734155455056752      4411.859074023619
12.124531726500058        8.6850004196167          -0.07296187005159308     4395.441867672132
12.119550132935085        8.6850004196167          -0.0725332977722872      4376.231142239657
12.11456663215868         8.6850004196167          -0.0721274931530683      4354.079229535831
12.109581495546058        8.6850004196167          -0.07174229675194425     4328.705279723161
12.104594936613271        8.6850004196167          -0.07137596387796505     4300.24769574604
12.099607124709795        8.6850004196167          -0.07102710081399322     4268.852747934437
12.094618210283395        8.6850004196167          -0.0706943698745022      4234.672058531633
12.089628313671792        8.6850004196167          -0.07037670378232921     4197.85852877023
12.084637535278228        8.6850004196167          -0.07007320190609398     4158.56748457137
12.079645968152           8.6850004196167          -0.06978295782241571     4116.861354203374
12.074653686350691        8.6850004196167          -0.06950527375047813     4072.857715731386
12.069660759043286        8.6850004196167          -0.06923944627686893     4027.7186604748667
12.06466724185184         8.6850004196167          -0.06898493776917852     3981.489403226019
12.059673186317976        8.6850004196167          -0.0687412192569877      3934.34837596961
12.054678639624699        8.6850004196167          -0.06850778106722358     3886.479344619082
12.049683641139088        8.6850004196167          -0.06828421661924534     3838.0630724750877
12.044688227115923        8.6850004196167          -0.06807013610802276     3789.2784773253093
12.039692429016679        8.6850004196167          -0.06786521310989352     3740.302292769601
12.034696278570802        8.6850004196167          -0.06766906685976384     3691.310260940285
12.029699800125629        8.6850004196167          -0.0674814607056825      3642.4754557666415
12.024703019778261        8.6850004196167          -0.06730207407143657     3594.4970769842216
12.019705957710148        8.6850004196167          -0.0671307134124782      3547.6322317365784
12.014708635466615        8.6850004196167          -0.06696711480526174     3501.8409554466252
12.009711070906055        8.6850004196167          -0.06681109333844863     3456.899702071223
12.004713281897885        8.6850004196167          -0.06666243352201782     3412.5073811097013
11.999715283559258        8.6850004196167          -0.06652098596698944     3369.0256222256767
11.994717091465928        8.6850004196167          -0.06638655865712054     3326.421201350658
11.989718718953313        8.6850004196167          -0.06625901490164694     3284.6594077104683
11.98472017899856         8.6850004196167          -0.06613821043655717     3243.7044597447248
11.979721482920352        8.6850004196167          -0.06602404811916884     3203.5192745845548
11.974722643064903        8.6850004196167          -0.06591636480526741     3164.0853631910527
11.96972366969112         8.6850004196167          -0.06581506815723957     3125.610183567296
11.964724572561448        8.6850004196167          -0.06572007446428935     3087.8421103496153
11.959725361580187        8.6850004196167          -0.06563127381892496     3050.7827070658677
11.954726045644737        8.6850004196167          -0.06554859242220534     3014.4493748283066
11.949726633671009        8.6850004196167          -0.06547193678435065     2978.8779456256943
11.944727133614075        8.6850004196167          -0.06540125865461617     2944.0524004867407
11.939727553679688        8.6850004196167          -0.06533647634368271     2909.940631440077
11.93472790138555         8.6850004196167          -0.06527754180176407     2876.5147203548986
11.929728184204793        8.6850004196167          -0.06522439574099373     2843.7465080262036
11.92472840919098         8.6850004196167          -0.06517700171670245     2811.6074904087754
11.919728583398255        8.6850004196167          -0.06513530625062548     2780.068949275607
11.914728713532998        8.6850004196167          -0.06509928080548753     2749.1018304017407
11.9097288061677          8.6850004196167          -0.06506890212334313     2718.6822049246884
11.904728867882913        8.6850004196167          -0.06504412940510906     2688.843458490115
11.899728905010283        8.6850004196167          -0.06502495003659439     2659.5571395394963
11.894728923849748        8.6850004196167          -0.0650113491464599      2630.80547755102
11.889728930653924        8.6850004196167          -0.06500330980305297     2602.570569234589
11.884728931516552        8.6850004196167          -0.06500135362148285     2574.833112590352
11.879728931578867        8.6850004196167          -0.06500135362148285     2547.5814125624624
11.874728931641183        8.6850004196167          -0.06500135362148285     2520.803789150979
11.869728931703499        8.6850004196167          -0.06500135362148285     2494.4982900644827
11.864728931765816        8.6850004196167          -0.06500135362148285     2468.653966951617
11.859728931828133        8.6850004196167          -0.06500135362148285     2443.256534520492
11.854728931890447        8.6850004196167          -0.06500135362148285     2418.2892218225047
11.849728931952765        8.6850004196167          -0.06500135362148285     2393.741435440173
11.84472893201508         8.6850004196167          -0.06500135362148285     2369.6014707945847
11.839728932077396        8.6850004196167          -0.06500135362148285     2345.856087767053
11.834728932139711        8.6850004196167          -0.06500135362148285     2322.4888917392996
11.829728932202027        8.6850004196167          -0.06500135362148285     2299.4930284357747
11.824728932264344        8.6850004196167          -0.06500135362148285     2276.8627139825135
11.81972893232666         8.6850004196167          -0.06500135362148285     2254.5934929920954
11.814728932388975        8.6850004196167          -0.06500135362148285     2232.6779561105777
11.809728932451293        8.6850004196167          -0.06500135362148285     2211.1029241002016
11.804728932513608        8.6850004196167          -0.06500135362148285     2189.852506632098
11.799728932575926        8.6850004196167          -0.06500135362148285     2168.920475469699
11.794728932638241        8.6850004196167          -0.06500135362148285     2148.3032655527113
11.789728932700559        8.6850004196167          -0.06500135362148285     2127.993402988244
11.784728932762873        8.6850004196167          -0.06500135362148285     2107.983413883275
11.77972893282519         8.6850004196167          -0.06500135362148285     2088.265824344856
11.774728932887506        8.6850004196167          -0.06500135362148285     2068.833160480083
11.769728932949821        8.6850004196167          -0.06500135362148285     2049.6779483959194
11.764728933012137        8.6850004196167          -0.06500135362148285     2030.7937523035125
11.759728933074458        8.6850004196167          -0.06500135362148285     2012.1773037146431
11.75472893313677         8.6850004196167          -0.06500135362148285     1993.8203131856988
11.749728933199087        8.6850004196167          -0.06500135362148285     1975.7173617348558
11.744728933261403        8.6850004196167          -0.06500135362148285     1957.8634393478603
11.739728933323718        8.6850004196167          -0.06500135362148285     1940.2550127051886
11.734728933386036        8.6850004196167          -0.06500135362148285     1922.8855011198934
11.72972893344835         8.6850004196167          -0.06500135362148285     1905.7492486369508
11.724728933510667        8.6850004196167          -0.06500135362148285     1888.8408907695207
11.719728933572984        8.6850004196167          -0.06500135362148285     1872.1553836938422
11.7147289336353          8.6850004196167          -0.06500135362148285     1855.6888013352082
11.709728933697615        8.6850004196167          -0.06500135362148285     1839.4370003385957
11.704728933759933        8.6850004196167          -0.06500135362148285     1823.3957590047441
11.699728933822248        8.6850004196167          -0.06500135362148285     1807.5609637656623
11.694728933884566        8.6850004196167          -0.06500135362148285     1791.9279183491449
11.689728933946881        8.6850004196167          -0.06500135362148285     1776.4924531201807
11.684728934009197        8.6850004196167          -0.06500135362148285     1761.251275283265
11.679728934071512        8.6850004196167          -0.06500135362148285     1746.2006795388106
11.674728934133828        8.6850004196167          -0.06500135362148285     1731.3369216042445
11.669728934196144        8.6850004196167          -0.06500135362148285     1716.655880751804
11.664728934258461        8.6850004196167          -0.06500135362148285     1702.1544486399903
11.659728934320777        8.6850004196167          -0.06500135362148285     1687.8296348938366
11.654728934383092        8.6850004196167          -0.06500135362148285     1673.6775627297493
11.64972893444541         8.6850004196167          -0.06500135362148285     1659.6952612801495
11.644728934507727        8.6850004196167          -0.06500135362148285     1645.8797596774268
11.639728934570043        8.6850004196167          -0.06500135362148285     1632.2280870539496
11.634728934632358        8.6850004196167          -0.06500135362148285     1618.7374792726623
11.629728934694677        8.6850004196167          -0.06500135362148285     1605.404628322993
11.624728934756991        8.6850004196167          -0.06500135362148285     1592.2269383317398
11.619728934819307        8.6850004196167          -0.06500135362148285     1579.2018547512566
11.614728934881622        8.6850004196167          -0.06500135362148285     1566.3262373615298
11.609728934943938        8.6850004196167          -0.06500135362148285     1553.5979428018907
11.604728935006253        8.6850004196167          -0.06500135362148285     1541.0144464538066
11.59972893506857         8.6850004196167          -0.06500135362148285     1528.5731918350302
11.594728935130888        8.6850004196167          -0.06500135362148285     1516.2724774128606
11.589728935193204        8.6850004196167          -0.06500135362148285     1504.1085524118291
11.58472893525552         8.6850004196167          -0.06500135362148285     1492.079428917182
11.579728935317835        8.6850004196167          -0.06500135362148285     1480.1831190141606
11.57472893538015         8.6850004196167          -0.06500135362148285     1468.417634788045
11.569728935442468        8.6850004196167          -0.06500135362148285     1456.7809291648464
11.564728935504785        8.6850004196167          -0.06500135362148285     1445.2710273189011
11.5597289355671          8.6850004196167          -0.06500135362148285     1433.8858851775603
11.554728935629416        8.6850004196167          -0.06500135362148285     1422.6233927459689
11.549728935691732        8.6850004196167          -0.06500135362148285     1411.4814400292908
11.54472893575405         8.6850004196167          -0.06500135362148285     1400.4579170326538
11.539728935816365        8.6850004196167          -0.06500135362148285     1389.5517347764887
11.53472893587868         8.6850004196167          -0.06500135362148285     1378.7605373402466
11.529728935940998        8.6850004196167          -0.06500135362148285     1368.082573143894
11.524728936003314        8.6850004196167          -0.06500135362148285     1357.516163082191
11.51972893606563         8.6850004196167          -0.06500135362148285     1347.0596280499026
11.514728936127945        8.6850004196167          -0.06500135362148285     1336.7112889418215
11.50972893619026         8.6850004196167          -0.06500135362148285     1326.4694019680833
11.50472893625258         8.6850004196167          -0.06500135362148285     1316.3326591620007
11.499728936314897        8.6850004196167          -0.06500135362148285     1306.2995981625447
11.49472893637721         8.6850004196167          -0.06500135362148285     1296.3685939576824
11.489728936439526        8.6850004196167          -0.06500135362148285     1286.537976740955
11.484728936501842        8.6850004196167          -0.06500135362148285     1276.8063265465032
11.479728936564157        8.6850004196167          -0.06500135362148285     1267.1722122533454
11.474728936626475        8.6850004196167          -0.06500135362148285     1257.6342871466493
11.469728936688792        8.6850004196167          -0.06500135362148285     1248.1912163223424
11.464728936751108        8.6850004196167          -0.06500135362148285     1238.841664876354
11.459728936813425        8.6850004196167          -0.06500135362148285     1229.5842979046126
11.454728936875739        8.6850004196167          -0.06500135362148285     1220.4176314000886
11.449728936938056        8.6850004196167          -0.06500135362148285     1211.3404663103636
11.444728937000372        8.6850004196167          -0.06500135362148285     1202.3518249612998
11.43972893706269         8.6850004196167          -0.06500135362148285     1193.4504824306819
11.434728937125007        8.6850004196167          -0.06500135362148285     1184.635213796278
11.42972893718732         8.6850004196167          -0.06500135362148285     1175.9046413289316
11.424728937249636        8.6850004196167          -0.06500135362148285     1167.2575765896825
11.419728937311953        8.6850004196167          -0.06500135362148285     1158.6929656875834
11.414728937374267        8.6850004196167          -0.06500135362148285     1150.2098033988182
11.409728937436585        8.6850004196167          -0.06500135362148285     1141.8070315143452
11.404728937498902        8.6850004196167          -0.06500135362148285     1133.4835366432862
11.399728937561218        8.6850004196167          -0.06500135362148285     1125.2383727260496
11.394728937623535        8.6850004196167          -0.06500135362148285     1117.0703912339711
11.38972893768585         8.6850004196167          -0.06500135362148285     1108.9785536268798
11.384728937748164        8.6850004196167          -0.06500135362148285     1100.9619316067217
11.379728937810484        8.6850004196167          -0.06500135362148285     1093.0195968754665
11.3747289378728          8.6850004196167          -0.06500135362148285     1085.1505423224357
11.369728937935113        8.6850004196167          -0.06500135362148285     1077.3538792973345
11.36472893799743         8.6850004196167          -0.06500135362148285     1069.6286792529168
11.359728938059746        8.6850004196167          -0.06500135362148285     1061.9740212627466
11.354728938122063        8.6850004196167          -0.06500135362148285     1054.3890266169265
11.349728938184377        8.6850004196167          -0.06500135362148285     1046.8728278408944
11.344728938246694        8.6850004196167          -0.06500135362148285     1039.4245436278757
11.339728938309012        8.6850004196167          -0.06500135362148285     1032.0433686314316
11.334728938371327        8.6850004196167          -0.06500135362148285     1024.7284697002635
11.329728938433645        8.6850004196167          -0.06500135362148285     1017.4790496129954
11.324728938495959        8.6850004196167          -0.06500135362148285     1010.2943108942277
11.319728938558276        8.6850004196167          -0.06500135362148285     1003.1734233977736
11.314728938620593        8.6850004196167          -0.06500135362148285     996.1156027394132
11.309728938682907        8.6850004196167          -0.06500135362148285     989.1201550169772
11.304728938745226        8.6850004196167          -0.06500135362148285     982.1863122943934
11.29972893880754         8.6850004196167          -0.06500135362148285     975.3133859583555
11.294728938869856        8.6850004196167          -0.06500135362148285     968.50061478501
11.289728938932171        8.6850004196167          -0.06500135362148285     961.7472647345128
11.284728938994489        8.6850004196167          -0.06500135362148285     955.0526649926521
11.279728939056806        8.6850004196167          -0.06500135362148285     948.4161612689971
11.274728939119122        8.6850004196167          -0.06500135362148285     941.8370048425186
11.269728939181437        8.6850004196167          -0.06500135362148285     935.314549126876
11.264728939243755        8.6850004196167          -0.06500135362148285     928.8481475357466
11.259728939306068        8.6850004196167          -0.06500135362148285     922.4371534827864
11.254728939368386        8.6850004196167          -0.06500135362148285     916.0809363353765
11.249728939430703        8.6850004196167          -0.06500135362148285     909.7789162323359
11.244728939493019        8.6850004196167          -0.06500135362148285     903.5304748517646
11.239728939555334        8.6850004196167          -0.06500135362148285     897.3349656625161
11.23472893961765         8.6850004196167          -0.06500135362148285     891.1917976416066
11.229728939679967        8.6850004196167          -0.06500135362148285     885.1003842759101
11.224728939742283        8.6850004196167          -0.06500135362148285     879.0601509244564
11.2197289398046          8.6850004196167          -0.06500135362148285     873.0705289457499
11.214728939866916        8.6850004196167          -0.06500135362148285     867.1309558210403
11.209728939929231        8.6850004196167          -0.06500135362148285     861.2408690316038
11.204728939991547        8.6850004196167          -0.06500135362148285     855.399718309348
11.199728940053864        8.6850004196167          -0.06500135362148285     849.6070191735032
11.19472894011618         8.6850004196167          -0.06500135362148285     843.8622391230269
11.189728940178496        8.6850004196167          -0.06500135362148285     838.1648660126211
11.184728940240813        8.6850004196167          -0.06500135362148285     832.5143405641344
11.179728940303129        8.6850004196167          -0.06500135362148285     826.9101797483842
11.174728940365444        8.6850004196167          -0.06500135362148285     821.3518297606405
11.169728940427762        8.6850004196167          -0.06500135362148285     815.8388784310763
11.164728940490077        8.6850004196167          -0.06500135362148285     810.3708368777877
11.159728940552393        8.6850004196167          -0.06500135362148285     804.9472130948997
11.154728940614708        8.6850004196167          -0.06500135362148285     799.5675229777033
11.149728940677026        8.6850004196167          -0.06500135362148285     794.2312909407779
11.144728940739341        8.6850004196167          -0.06500135362148285     788.9380981446322
11.139728940801657        8.6850004196167          -0.06500135362148285     783.6875049810077
11.134728940863974        8.6850004196167          -0.06500135362148285     778.4790622231025
11.12972894092629         8.6850004196167          -0.06500135362148285     773.3123061632454
11.124728940988607        8.6850004196167          -0.06500135362148285     768.1868172458666
11.119728941050923        8.6850004196167          -0.06500135362148285     763.1021656707699
11.114728941113238        8.6850004196167          -0.06500135362148285     758.0579359964676
11.109728941175554        8.6850004196167          -0.06500135362148285     753.0537057965163
11.10472894123787         8.6850004196167          -0.06500135362148285     748.0890783106801
11.099728941300189        8.6850004196167          -0.06500135362148285     743.1636652463834
11.094728941362504        8.6850004196167          -0.06500135362148285     738.2770525486471
11.089728941424818        8.6850004196167          -0.06500135362148285     733.4288491990002
11.084728941487136        8.6850004196167          -0.06500135362148285     728.6186735871372
11.079728941549451        8.6850004196167          -0.06500135362148285     723.8461441027222
11.074728941611767        8.6850004196167          -0.06500135362148285     719.1108791354205
11.069728941674086        8.6850004196167          -0.06500135362148285     714.4125341749996
11.0647289417364          8.6850004196167          -0.06500135362148285     709.7506948492
11.059728941798715        8.6850004196167          -0.06500135362148285     705.1250281185345
11.054728941861033        8.6850004196167          -0.06500135362148285     700.535183022237
11.049728941923348        8.6850004196167          -0.06500135362148285     695.9808071345929
11.044728941985664        8.6850004196167          -0.06500135362148285     691.461548029882
11.039728942047981        8.6850004196167          -0.06500135362148285     686.9770453383082
11.034728942110297        8.6850004196167          -0.06500135362148285     682.5269635006334
11.029728942172614        8.6850004196167          -0.06500135362148285     678.11098543203
11.02472894223493         8.6850004196167          -0.06500135362148285     673.7287720587096
11.019728942297245        8.6850004196167          -0.06500135362148285     669.3799891227616
11.014728942359561        8.6850004196167          -0.06500135362148285     665.064331913486
11.009728942421876        8.6850004196167          -0.06500135362148285     660.7814906433213
11.004728942484196        8.6850004196167          -0.06500135362148285     656.5311470663061
10.999728942546511        8.6850004196167          -0.06500135362148285     652.3129815095267
10.994728942608825        8.6850004196167          -0.06500135362148285     648.1266743000604
10.989728942671142        8.6850004196167          -0.06500135362148285     643.9719281722887
10.984728942733458        8.6850004196167          -0.06500135362148285     639.8484928335687
10.979728942795774        8.6850004196167          -0.06500135362148285     635.7560389410147
10.97472894285809         8.6850004196167          -0.06500135362148285     631.6942425836247
10.969728942920407        8.6850004196167          -0.06500135362148285     627.6628358647682
10.964728942982726        8.6850004196167          -0.06500135362148285     623.6615582187007
10.95972894304504         8.6850004196167          -0.06500135362148285     619.6901285137164
10.954728943107355        8.6850004196167          -0.06500135362148285     615.7482704077747
10.94972894316967         8.6850004196167          -0.06500135362148285     611.8357078805361
10.944728943231986        8.6850004196167          -0.06500135362148285     607.9521649116748
10.939728943294307        8.6850004196167          -0.06500135362148285     604.0973654808529
10.93472894335662         8.6850004196167          -0.06500135362148285     600.2710335677308
10.929728943418937        8.6850004196167          -0.06500135362148285     596.4728875987629
10.924728943481252        8.6850004196167          -0.06500135362148285     592.7027803514376
10.919728943543568        8.6850004196167          -0.06500135362148285     588.9603697861694
10.914728943605883        8.6850004196167          -0.06500135362148285     585.2453967250044
10.909728943668199        8.6850004196167          -0.06500135362148285     581.5576246996111
10.904728943730516        8.6850004196167          -0.06500135362148285     577.8968172416515
10.899728943792836        8.6850004196167          -0.06500135362148285     574.2627378827847
10.89472894385515         8.6850004196167          -0.06500135362148285     570.6551501546853
10.889728943917465        8.6850004196167          -0.06500135362148285     567.0738187076805
10.88472894397978         8.6850004196167          -0.06500135362148285     563.5185076487683
10.879728944042096        8.6850004196167          -0.06500135362148285     559.9889695874534
10.874728944104413        8.6850004196167          -0.06500135362148285     556.4849582381019
10.869728944166729        8.6850004196167          -0.06500135362148285     553.0062757052605
10.864728944229046        8.6850004196167          -0.06500135362148285     549.5526903569387
10.859728944291362        8.6850004196167          -0.06500135362148285     546.1239755480816
10.854728944353678        8.6850004196167          -0.06500135362148285     542.7199080563661
10.849728944415993        8.6850004196167          -0.06500135362148285     539.3402894039275
10.84472894447831         8.6850004196167          -0.06500135362148285     535.9849082907106
10.839728944540624        8.6850004196167          -0.06500135362148285     532.6535534166433
10.834728944602945        8.6850004196167          -0.06500135362148285     529.3460075094495
10.82972894466526         8.6850004196167          -0.06500135362148285     526.0620569325529
10.824728944727575        8.6850004196167          -0.06500135362148285     522.8015012523231
10.81972894478989         8.6850004196167          -0.06500135362148285     519.5641301572089
10.814728944852208        8.6850004196167          -0.06500135362148285     516.3497467503446
10.809728944914523        8.6850004196167          -0.06500135362148285     513.1581541348639
10.804728944976839        8.6850004196167          -0.06500135362148285     509.9891554138918
10.799728945039156        8.6850004196167          -0.06500135362148285     506.84255369056507
10.794728945101472        8.6850004196167          -0.06500135362148285     503.71815206801267
10.78972894516379         8.6850004196167          -0.06500135362148285     500.6157678177876
10.784728945226105        8.6850004196167          -0.06500135362148285     497.5352352280006
10.779728945288422        8.6850004196167          -0.06500135362148285     494.47635177907176
10.774728945350738        8.6850004196167          -0.06500135362148285     491.43892336661384
10.769728945413055        8.6850004196167          -0.06500135362148285     488.4227810494096
10.764728945475369        8.6850004196167          -0.06500135362148285     485.42774987931267
10.759728945537685        8.6850004196167          -0.06500135362148285     482.4536516361305
10.7547289456             8.6850004196167          -0.06500135362148285     479.500288874262
10.749728945662318        8.6850004196167          -0.06500135362148285     476.5675071974372
10.744728945724633        8.6850004196167          -0.06500135362148285     473.6551316332957
10.73972894578695         8.6850004196167          -0.06500135362148285     470.7629872094674
10.734728945849266        8.6850004196167          -0.06500135362148285     467.89089987301645
10.729728945911583        8.6850004196167          -0.06500135362148285     465.03872086689444
10.724728945973897        8.6850004196167          -0.06500135362148285     462.2062652826641
10.719728946036215        8.6850004196167          -0.06500135362148285     459.39337477809795
10.71472894609853         8.6850004196167          -0.06500135362148285     456.59988978029077
10.709728946160848        8.6850004196167          -0.06500135362148285     453.82565519722687
10.704728946223165        8.6850004196167          -0.06500135362148285     451.07051383900495
10.699728946285479        8.6850004196167          -0.06500135362148285     448.33430851575804
10.694728946347796        8.6850004196167          -0.06500135362148285     445.61688203759235
10.689728946410114        8.6850004196167          -0.06500135362148285     442.91807721462334
10.684728946472427        8.6850004196167          -0.06500135362148285     440.23773685695954
10.679728946534743        8.6850004196167          -0.06500135362148285     437.5757183549509
10.67472894659706         8.6850004196167          -0.06500135362148285     434.93188889272994
10.669728946659376        8.6850004196167          -0.06500135362148285     432.30607187207
10.664728946721693        8.6850004196167          -0.06500135362148285     429.69812735178135
10.659728946784009        8.6850004196167          -0.06500135362148285     427.1079153906574
10.654728946846324        8.6850004196167          -0.06500135362148285     424.5352960475051
10.64972894690864         8.6850004196167          -0.06500135362148285     421.98012938113
10.644728946970957        8.6850004196167          -0.06500135362148285     419.4422754503259
10.639728947033275        8.6850004196167          -0.06500135362148285     416.92159431389973
10.634728947095589        8.6850004196167          -0.06500135362148285     414.4179457989948
10.629728947157904        8.6850004196167          -0.06500135362148285     411.93119427748087
10.62472894722022         8.6850004196167          -0.06500135362148285     409.46120615457085
10.619728947282539        8.6850004196167          -0.06500135362148285     407.0078447377846
10.614728947344855        8.6850004196167          -0.06500135362148285     404.5709675868639
10.60972894740717         8.6850004196167          -0.06500135362148285     402.15047608783226
10.604728947469486        8.6850004196167          -0.06500135362148285     399.74622065165795
10.599728947531803        8.6850004196167          -0.06500135362148285     397.3580722701392
10.594728947594117        8.6850004196167          -0.06500135362148285     394.9859042520113
10.589728947656434        8.6850004196167          -0.06500135362148285     392.62958990600487
10.584728947718752        8.6850004196167          -0.06500135362148285     390.2890020008168
10.579728947781067        8.6850004196167          -0.06500135362148285     387.9640238574458
10.574728947843383        8.6850004196167          -0.06500135362148285     385.6545320877661
10.569728947905698        8.6850004196167          -0.06500135362148285     383.36041254592203
10.564728947968016        8.6850004196167          -0.06500135362148285     381.08153150047696
10.55972894803033         8.6850004196167          -0.06500135362148285     378.8177786222144
10.554728948092647        8.6850004196167          -0.06500135362148285     376.569037643145
10.549728948154963        8.6850004196167          -0.06500135362148285     374.33519143563797
10.54472894821728         8.6850004196167          -0.06500135362148285     372.1161204273791
10.539728948279595        8.6850004196167          -0.06500135362148285     369.91171058773295
10.534728948341913        8.6850004196167          -0.06500135362148285     367.72184725117165
10.529728948404228        8.6850004196167          -0.06500135362148285     365.54642798490437
10.524728948466546        8.6850004196167          -0.06500135362148285     363.3853348420818
10.519728948528861        8.6850004196167          -0.06500135362148285     361.2384590904171
10.514728948591177        8.6850004196167          -0.06500135362148285     359.1056911141471
10.509728948653493        8.6850004196167          -0.06500135362148285     356.9869249472981
10.504728948715808        8.6850004196167          -0.06500135362148285     354.88205547007504
10.499728948778126        8.6850004196167          -0.06500135362148285     352.79097206120844
10.494728948840443        8.6850004196167          -0.06500135362148285     350.71356468816487
10.489728948902759        8.6850004196167          -0.06500135362148285     348.6497341174595
10.484728948965072        8.6850004196167          -0.06500135362148285     346.59937947467915
10.47972894902739         8.6850004196167          -0.06500135362148285     344.56240020052377
10.474728949089705        8.6850004196167          -0.06500135362148285     342.5386920693805
10.469728949152024        8.6850004196167          -0.06500135362148285     340.5281583503207
10.464728949214338        8.6850004196167          -0.06500135362148285     338.53069486218175
10.459728949276656        8.6850004196167          -0.06500135362148285     336.54620308612783
10.454728949338971        8.6850004196167          -0.06500135362148285     334.5745877676808
10.449728949401287        8.6850004196167          -0.06500135362148285     332.61575491826983
10.444728949463602        8.6850004196167          -0.06500135362148285     330.66960687817834
10.439728949525918        8.6850004196167          -0.06500135362148285     328.73604810183303
10.434728949588234        8.6850004196167          -0.06500135362148285     326.8149825361127
10.429728949650553        8.6850004196167          -0.06500135362148285     324.9063195805844
10.424728949712868        8.6850004196167          -0.06500135362148285     323.00996787518335
10.419728949775184        8.6850004196167          -0.06500135362148285     321.1258363146353
10.4147289498375          8.6850004196167          -0.06500135362148285     319.2538328936944
10.409728949899815        8.6850004196167          -0.06500135362148285     317.39386415876515
10.404728949962132        8.6850004196167          -0.06500135362148285     315.5458433316356
10.399728950024446        8.6850004196167          -0.06500135362148285     313.7096838748858
10.394728950086765        8.6850004196167          -0.06500135362148285     311.88529756935776
10.389728950149081        8.6850004196167          -0.06500135362148285     310.07259814011655
10.384728950211397        8.6850004196167          -0.06500135362148285     308.2714990967118
10.379728950273712        8.6850004196167          -0.06500135362148285     306.4819139487015
10.37472895033603         8.6850004196167          -0.06500135362148285     304.7037554450752
10.369728950398343        8.6850004196167          -0.06500135362148285     302.9369441692475
10.364728950460663        8.6850004196167          -0.06500135362148285     301.181400170064
10.359728950522978        8.6850004196167          -0.06500135362148285     299.4370402158006
10.354728950585294        8.6850004196167          -0.06500135362148285     297.70377840511225
10.34972895064761         8.6850004196167          -0.06500135362148285     295.98153379925895
10.344728950709925        8.6850004196167          -0.06500135362148285     294.27022698047955
10.339728950772244        8.6850004196167          -0.06500135362148285     292.5697802141113
10.33472895083456         8.6850004196167          -0.06500135362148285     290.88011402990315
10.329728950896875        8.6850004196167          -0.06500135362148285     289.20114906750916
10.32472895095919         8.6850004196167          -0.06500135362148285     287.5328117574017
10.319728951021506        8.6850004196167          -0.06500135362148285     285.8750260323949
10.314728951083822        8.6850004196167          -0.06500135362148285     284.2277109406062
10.30972895114614         8.6850004196167          -0.06500135362148285     282.5907923491592
10.304728951208455        8.6850004196167          -0.06500135362148285     280.96419674440205
10.299728951270774        8.6850004196167          -0.06500135362148285     279.34784703042806
10.294728951333088        8.6850004196167          -0.06500135362148285     277.74167378652726
10.289728951395404        8.6850004196167          -0.06500135362148285     276.1456033996041
10.28472895145772         8.6850004196167          -0.06500135362148285     274.55956267085094
10.279728951520037        8.6850004196167          -0.06500135362148285     272.9834783739946
10.27472895158235         8.6850004196167          -0.06500135362148285     271.41728035705387
10.269728951644668        8.6850004196167          -0.06500135362148285     269.8608992912962
10.264728951706985        8.6850004196167          -0.06500135362148285     268.3142653873042
10.2597289517693          8.6850004196167          -0.06500135362148285     266.7773088556703
10.254728951831616        8.6850004196167          -0.06500135362148285     265.24996222095274
10.249728951893932        8.6850004196167          -0.06500135362148285     263.73215503170036
10.24472895195625         8.6850004196167          -0.06500135362148285     262.2238210933873
10.239728952018567        8.6850004196167          -0.06500135362148285     260.724894009704
10.234728952080884        8.6850004196167          -0.06500135362148285     259.23530738434397
10.229728952143198        8.6850004196167          -0.06500135362148285     257.7549948209971
10.224728952205513        8.6850004196167          -0.06500135362148285     256.2838897359248
10.21972895226783         8.6850004196167          -0.06500135362148285     254.82192488305066
10.214728952330145        8.6850004196167          -0.06500135362148285     253.36903995391532
10.209728952392465        8.6850004196167          -0.06500135362148285     251.9251720959359
10.20472895245478         8.6850004196167          -0.06500135362148285     250.49025845652068
10.199728952517095        8.6850004196167          -0.06500135362148285     249.06423618308435
10.19472895257941         8.6850004196167          -0.06500135362148285     247.64703959996592
10.189728952641726        8.6850004196167          -0.06500135362148285     246.23861287796225
10.184728952704042        8.6850004196167          -0.06500135362148285     244.8388868522438
10.179728952766359        8.6850004196167          -0.06500135362148285     243.44780527290456
10.174728952828675        8.6850004196167          -0.06500135362148285     242.0653099310052
10.169728952890994        8.6850004196167          -0.06500135362148285     240.69134057690897
10.164728952953308        8.6850004196167          -0.06500135362148285     239.3258365547828
10.159728953015623        8.6850004196167          -0.06500135362148285     237.96873821600906
10.154728953077939        8.6850004196167          -0.06500135362148285     236.61998889819162
10.149728953140256        8.6850004196167          -0.06500135362148285     235.27953110368645
10.144728953202572        8.6850004196167          -0.06500135362148285     233.94730556625936
10.139728953264889        8.6850004196167          -0.06500135362148285     232.62325661437484
10.134728953327205        8.6850004196167          -0.06500135362148285     231.30732976604347
10.12972895338952         8.6850004196167          -0.06500135362148285     229.99946894534267
10.124728953451836        8.6850004196167          -0.06500135362148285     228.69961807634388
10.119728953514153        8.6850004196167          -0.06500135362148285     227.4077181468879
10.11472895357647         8.6850004196167          -0.06500135362148285     226.12371795655054
10.109728953638786        8.6850004196167          -0.06500135362148285     224.84756432670878
10.104728953701104        8.6850004196167          -0.06500135362148285     223.5792025097053
10.099728953763417        8.6850004196167          -0.06500135362148285     222.3185793502853
10.094728953825733        8.6850004196167          -0.06500135362148285     221.06564385902453
10.089728953888049        8.6850004196167          -0.06500135362148285     219.82034017383637
10.084728953950366        8.6850004196167          -0.06500135362148285     218.58261673428987
10.079728954012682        8.6850004196167          -0.06500135362148285     217.35242387570673
10.074728954074999        8.6850004196167          -0.06500135362148285     216.12971045011054
10.069728954137315        8.6850004196167          -0.06500135362148285     214.91442530951844
10.06472895419963         8.6850004196167          -0.06500135362148285     213.70651730595426
10.059728954261946        8.6850004196167          -0.06500135362148285     212.5059352914366
10.054728954324265        8.6850004196167          -0.06500135362148285     211.31263107956775
10.04972895438658         8.6850004196167          -0.06500135362148285     210.12655885503727
10.044728954448894        8.6850004196167          -0.06500135362148285     208.9476662909019
10.039728954511213        8.6850004196167          -0.06500135362148285     207.77590386908102
10.034728954573527        8.6850004196167          -0.06500135362148285     206.6112241785217
10.029728954635843        8.6850004196167          -0.06500135362148285     205.45357852971154
10.02472895469816         8.6850004196167          -0.06500135362148285     204.3029218797532
10.019728954760478        8.6850004196167          -0.06500135362148285     203.15920757855886
10.014728954822791        8.6850004196167          -0.06500135362148285     202.02238897604047
10.009728954885109        8.6850004196167          -0.06500135362148285     200.89241942211672
10.004728954947424        8.6850004196167          -0.06500135362148285     199.76925226669837
9.999728955009742         8.6850004196167          -0.06500135362148285     198.65284085970072
9.994728955072055         8.6850004196167          -0.06500135362148285     197.5431382732048
9.989728955134373         8.6850004196167          -0.06500135362148285     196.44010353748126
9.984728955196688         8.6850004196167          -0.06500135362148285     195.3436946586723
9.979728955259006         8.6850004196167          -0.06500135362148285     194.25386573388909
9.974728955321323         8.6850004196167          -0.06500135362148285     193.17057067015293
9.969728955383637         8.6850004196167          -0.06500135362148285     192.09376809914406
9.964728955445953         8.6850004196167          -0.06500135362148285     191.0234149518923
9.95972895550827          8.6850004196167          -0.06500135362148285     189.95946815942864
9.954728955570587         8.6850004196167          -0.06500135362148285     188.90188465278604
9.949728955632903         8.6850004196167          -0.06500135362148285     187.85062136299572
9.944728955695219         8.6850004196167          -0.06500135362148285     186.8056352210889
9.939728955757534         8.6850004196167          -0.06500135362148285     185.76688315809773
9.934728955819851         8.6850004196167          -0.06500135362148285     184.7343294280892
9.929728955882167         8.6850004196167          -0.06500135362148285     183.7079318491961
9.924728955944484         8.6850004196167          -0.06500135362148285     182.68764895428973
9.9197289560068           8.6850004196167          -0.06500135362148285     181.67344118399473
9.914728956069116         8.6850004196167          -0.06500135362148285     180.6652689781778
9.909728956131433         8.6850004196167          -0.06500135362148285     179.66309277671002
9.904728956193749         8.6850004196167          -0.06500135362148285     178.66687237754857
9.899728956256062         8.6850004196167          -0.06500135362148285     177.67656741686096
9.89472895631838          8.6850004196167          -0.06500135362148285     176.69213951128586
9.889728956380695         8.6850004196167          -0.06500135362148285     175.71355326273428
9.884728956443013         8.6850004196167          -0.06500135362148285     174.74076759259842
9.879728956505328         8.6850004196167          -0.06500135362148285     173.7737443410623
9.874728956567644         8.6850004196167          -0.06500135362148285     172.8124467464361
9.869728956629961         8.6850004196167          -0.06500135362148285     171.8568380470355
9.864728956692275         8.6850004196167          -0.06500135362148285     170.9068802240391
9.859728956754594         8.6850004196167          -0.06500135362148285     169.962537971504
9.854728956816908         8.6850004196167          -0.06500135362148285     169.02377417082727
9.849728956879225         8.6850004196167          -0.06500135362148285     168.090549965709
9.844728956941541         8.6850004196167          -0.06500135362148285     167.16283280553887
9.839728957003857         8.6850004196167          -0.06500135362148285     166.2405865360733
9.834728957066174         8.6850004196167          -0.06500135362148285     165.32377537647582
9.82972895712849          8.6850004196167          -0.06500135362148285     164.4123622602092
9.824728957190805         8.6850004196167          -0.06500135362148285     163.50631298484714
9.819728957253123         8.6850004196167          -0.06500135362148285     162.60559352519715
9.814728957315438         8.6850004196167          -0.06500135362148285     161.7101698560688
9.809728957377756         8.6850004196167          -0.06500135362148285     160.82000685646986
9.804728957440071         8.6850004196167          -0.06500135362148285     159.9350710946112
9.799728957502387         8.6850004196167          -0.06500135362148285     159.0553299181731
9.794728957564702         8.6850004196167          -0.06500135362148285     158.18074941118982
9.78972895762702          8.6850004196167          -0.06500135362148285     157.31129522272514
9.784728957689335         8.6850004196167          -0.06500135362148285     156.44693518534257
9.77972895775165          8.6850004196167          -0.06500135362148285     155.58763610318766
9.774728957813966         8.6850004196167          -0.06500135362148285     154.733365785579
9.769728957876284         8.6850004196167          -0.06500135362148285     153.88409354414986
9.764728957938601         8.6850004196167          -0.06500135362148285     153.03978595127498
9.759728958000917         8.6850004196167          -0.06500135362148285     152.2004105603363
9.754728958063232         8.6850004196167          -0.06500135362148285     151.36593693735406
9.749728958125548         8.6850004196167          -0.06500135362148285     150.53633385960825
9.744728958187864         8.6850004196167          -0.06500135362148285     149.71156994358435
9.739728958250183         8.6850004196167          -0.06500135362148285     148.89161393325674
9.734728958312498         8.6850004196167          -0.06500135362148285     148.07643466671757
9.729728958374814         8.6850004196167          -0.06500135362148285     147.26600087689008
9.72472895843713          8.6850004196167          -0.06500135362148285     146.4602858884363
9.719728958499445         8.6850004196167          -0.06500135362148285     145.65925741934677
9.71472895856176          8.6850004196167          -0.06500135362148285     144.8628869224141
9.709728958624078         8.6850004196167          -0.06500135362148285     144.07114335346168
9.704728958686394         8.6850004196167          -0.06500135362148285     143.28399789542215
9.699728958748711         8.6850004196167          -0.06500135362148285     142.50142244594687
9.694728958811027         8.6850004196167          -0.06500135362148285     141.7233881759696
9.689728958873342         8.6850004196167          -0.06500135362148285     140.94986588154708
9.684728958935658         8.6850004196167          -0.06500135362148285     140.18082650278956
9.679728958997975         8.6850004196167          -0.06500135362148285     139.4162409882282
9.674728959060294         8.6850004196167          -0.06500135362148285     138.65608050474876
9.669728959122608         8.6850004196167          -0.06500135362148285     137.90032093107487
9.664728959184924         8.6850004196167          -0.06500135362148285     137.14893099320045
9.65972895924724          8.6850004196167          -0.06500135362148285     136.4018843875329
9.654728959309555         8.6850004196167          -0.06500135362148285     135.6591554652084
9.649728959371872         8.6850004196167          -0.06500135362148285     134.92071489378714
9.644728959434188         8.6850004196167          -0.06500135362148285     134.18653635106517
9.639728959496503         8.6850004196167          -0.06500135362148285     133.4565937330281
9.63472895955882          8.6850004196167          -0.06500135362148285     132.73086038264879
9.629728959621136         8.6850004196167          -0.06500135362148285     132.0093094861401
9.624728959683452         8.6850004196167          -0.06500135362148285     131.29191378054227
9.61972895974577          8.6850004196167          -0.06500135362148285     130.5786469958598
9.614728959808083         8.6850004196167          -0.06500135362148285     129.8694862446689
9.609728959870402         8.6850004196167          -0.06500135362148285     129.16440411924057
9.604728959932718         8.6850004196167          -0.06500135362148285     128.46337553244925
9.599728959995034         8.6850004196167          -0.06500135362148285     127.76637531388698
9.594728960057349         8.6850004196167          -0.06500135362148285     127.07337829314628
9.589728960119665         8.6850004196167          -0.06500135362148285     126.38435927572995
9.584728960181982         8.6850004196167          -0.06500135362148285     125.6992934033899
9.579728960244298         8.6850004196167          -0.06500135362148285     125.01815620058548
9.574728960306615         8.6850004196167          -0.06500135362148285     124.34092320891227
9.569728960368932         8.6850004196167          -0.06500135362148285     123.66757026761925
9.564728960431246         8.6850004196167          -0.06500135362148285     122.99807327473111
9.559728960493562         8.6850004196167          -0.06500135362148285     122.33240890876377
9.554728960555877         8.6850004196167          -0.06500135362148285     121.67055362776317
9.549728960618193         8.6850004196167          -0.06500135362148285     121.0124836958658
9.54472896068051          8.6850004196167          -0.06500135362148285     120.35817350290277
9.539728960742828         8.6850004196167          -0.06500135362148285     119.70760050954905
9.534728960805143         8.6850004196167          -0.06500135362148285     119.06074247674525
9.529728960867459         8.6850004196167          -0.06500135362148285     118.41757716543407
9.524728960929775         8.6850004196167          -0.06500135362148285     117.77808117802391
9.519728960992092         8.6850004196167          -0.06500135362148285     117.14223220631122
9.514728961054406         8.6850004196167          -0.06500135362148285     116.51000776869041
9.509728961116725         8.6850004196167          -0.06500135362148285     115.88138484151146
9.504728961179042         8.6850004196167          -0.06500135362148285     115.25634040112432
9.499728961241356         8.6850004196167          -0.06500135362148285     114.63485326715931
9.494728961303672         8.6850004196167          -0.06500135362148285     114.01690303189667
9.489728961365987         8.6850004196167          -0.06500135362148285     113.40246693788438
9.484728961428305         8.6850004196167          -0.06500135362148285     112.79152343815562
9.479728961490618         8.6850004196167          -0.06500135362148285     112.18405131657148
9.474728961552938         8.6850004196167          -0.06500135362148285     111.58002882119443
9.469728961615253         8.6850004196167          -0.06500135362148285     110.97943474767919
9.464728961677569         8.6850004196167          -0.06500135362148285     110.38224871674046
9.459728961739884         8.6850004196167          -0.06500135362148285     109.78845003057242
9.454728961802202         8.6850004196167          -0.06500135362148285     109.19801811045937
9.449728961864517         8.6850004196167          -0.06500135362148285     108.61093075577108
9.444728961926835         8.6850004196167          -0.06500135362148285     108.02716830546515
9.439728961989152         8.6850004196167          -0.06500135362148285     107.44671083845492
9.434728962051466         8.6850004196167          -0.06500135362148285     106.86953848672127
9.429728962113781         8.6850004196167          -0.06500135362148285     106.29563136401032
9.424728962176097         8.6850004196167          -0.06500135362148285     105.72496927348475
9.419728962238414         8.6850004196167          -0.06500135362148285     105.15753201831143
9.414728962300732         8.6850004196167          -0.06500135362148285     104.59329940165186
9.409728962363047         8.6850004196167          -0.06500135362148285     104.03225318989684
9.404728962425363         8.6850004196167          -0.06500135362148285     103.4743749146522
9.399728962487679         8.6850004196167          -0.06500135362148285     102.91964384755049
9.394728962549994         8.6850004196167          -0.06500135362148285     102.36804107040817
9.389728962612311         8.6850004196167          -0.06500135362148285     101.81954734817796
9.384728962674629         8.6850004196167          -0.06500135362148285     101.27414445162982
9.379728962736944         8.6850004196167          -0.06500135362148285     100.73181386847547
9.374728962799262         8.6850004196167          -0.06500135362148285     100.19253684871659
9.369728962861576         8.6850004196167          -0.06500135362148285     99.65629463867572
9.364728962923891         8.6850004196167          -0.06500135362148285     99.1230686433874
9.359728962986209         8.6850004196167          -0.06500135362148285     98.59284124348781
9.354728963048524         8.6850004196167          -0.06500135362148285     98.06559439709189
9.349728963110842         8.6850004196167          -0.06500135362148285     97.54130974052231
9.344728963173157         8.6850004196167          -0.06500135362148285     97.0199693435376
9.339728963235473         8.6850004196167          -0.06500135362148285     96.5015557002796
9.334728963297788         8.6850004196167          -0.06500135362148285     95.98605105031108
9.329728963360104         8.6850004196167          -0.06500135362148285     95.47343808003086
9.32472896342242          8.6850004196167          -0.06500135362148285     94.9636995525832
9.319728963484739         8.6850004196167          -0.06500135362148285     94.45681815316213
9.314728963547054         8.6850004196167          -0.06500135362148285     93.95277645431466
9.309728963609372         8.6850004196167          -0.06500135362148285     93.45155736232256
9.304728963671687         8.6850004196167          -0.06500135362148285     92.95314411998193
9.299728963734003         8.6850004196167          -0.06500135362148285     92.45752018827115
9.294728963796318         8.6850004196167          -0.06500135362148285     91.9646686089574
9.289728963858636         8.6850004196167          -0.06500135362148285     91.47457250890402
9.28472896392095          8.6850004196167          -0.06500135362148285     90.98721620910496
9.279728963983267         8.6850004196167          -0.06500135362148285     90.5025826274891
9.274728964045583         8.6850004196167          -0.06500135362148285     90.02065548897386
9.2697289641079           8.6850004196167          -0.06500135362148285     89.5414185078348
9.264728964170216         8.6850004196167          -0.06500135362148285     89.06485603509539
9.259728964232531         8.6850004196167          -0.06500135362148285     88.59095186710861
9.254728964294847         8.6850004196167          -0.06500135362148285     88.11969043161835
9.249728964357164         8.6850004196167          -0.06500135362148285     87.6510558705896
9.244728964419481         8.6850004196167          -0.06500135362148285     87.18503218649096
9.239728964481795         8.6850004196167          -0.06500135362148285     86.72160397907666
9.23472896454411          8.6850004196167          -0.06500135362148285     86.2607563359826
9.22972896460643          8.6850004196167          -0.06500135362148285     85.80247390293259
9.224728964668746         8.6850004196167          -0.06500135362148285     85.34674072416357
9.219728964731061         8.6850004196167          -0.06500135362148285     84.89354263970522
9.214728964793377         8.6850004196167          -0.06500135362148285     84.44286374588607
9.209728964855692         8.6850004196167          -0.06500135362148285     83.9946892088737
9.20472896491801          8.6850004196167          -0.06500135362148285     83.54900433668901
9.199728964980325         8.6850004196167          -0.06500135362148285     83.10579453230166
9.194728965042641         8.6850004196167          -0.06500135362148285     82.66504514586872
9.189728965104958         8.6850004196167          -0.06500135362148285     82.22674142893231
9.184728965167274         8.6850004196167          -0.06500135362148285     81.79086871268731
9.17972896522959          8.6850004196167          -0.06500135362148285     81.35741287918415
9.174728965291905         8.6850004196167          -0.06500135362148285     80.92635961874561
9.169728965354222         8.6850004196167          -0.06500135362148285     80.49769483375111
9.164728965416538         8.6850004196167          -0.06500135362148285     80.07140442657578
9.159728965478855         8.6850004196167          -0.06500135362148285     79.64747429959709
9.154728965541171         8.6850004196167          -0.06500135362148285     79.225890310293
9.149728965603487         8.6850004196167          -0.06500135362148285     78.80663867477556
9.144728965665802         8.6850004196167          -0.06500135362148285     78.38970575975112
9.13972896572812          8.6850004196167          -0.06500135362148285     77.97507721616236
